2598077
592214
2076144
1716430
10082:
67679
2399876
720958
1088677
10095:
880039
117355
174951
1081360
2435556
1308802
2207292
2185788
452728
788034
1966232
2439284
10282:
948367
893107
2046950
257162
2606568
1038:
2571693
2231755
649338
1711225
2062679
339652
368125
1047:
1340946
2150951
173226
497858
373749
10560:
2211437
573712
2074199
1885106
317877
1542718
849569
1237236
293701
1833418
10709:
1353529
10723:
1971595
10728:
1687061
1664315
1707943
1571897
584731
2445190
2554027
10775:
2530668
442075
2138857
2354884
10799:
2431682
1532163
10828:
290906
715173
1396046
1907394
972637
261192
160813
224162
1157536
657485
1692161
636867
769895
1146504
2265392
475980
91621
603214
1660292
609445
2584755
2212043
1188144
1409021
2403824
11044:
2314728
825324
1940995
245944
2243231
2375360
1981494
10610
2572508
2504263
284191
346073
11097:
2227451
1852566
573420
741023
1962188
1439049
900689
11146:
2316546
352143
1119908
804165
2543893
1684053
2575912
2365225
85376
1734035
11278:
2159576
835387
825947
1506085
2081937
2536600
1723508
11333:
1180412
2160653
1151399
11355:
2085613
1231192
1999270
1134347
252985
1365551
572325
1865774
2029171
815833
1744699
796743
1187644
377968
2109191
1629536
1452283
1904916
746481
1167320
481403
1879617
254340
1256977
1885422
1878772
111725
1239129
195924
585942
1141548
1324844
1002375
341418
606098
1534602
1070548
594259
1750270
2602440
806360
494363
2055165
1876695
716475
1236153
2473664
1316817
2380453
485943
2061208
641756
893357
38412
1613810
11982:
2027763
11987:
925220
12001:
1847100
905916
321698
381361
12034:
1348972
1111165
1930775
2124635
425887
662530
2157756
1550404
1356259
61554
2388499
1434694
1652976
1115174
1903606
985264
1347947
1922101
1420962
644874
12228:
998862
592550
2150846
818021
1823580
12348:
2501391
420220
1793569
1030685
267984
927909
1093355
96359
219704
2515318
598835
12512:
1600735
12513:
2421250
1344760
166352
2497226
200183
12593:
1561890
1153549
180691
150218
12662:
1402176
2318593
973162
12690:
325046
129760
310948
2557403
2243517
2625412
1450121
930300
1695980
12709:
1562924
699815
786187
2515071
1849656
1572097
86454
1846128
775578
1504658
1946256
12877:
1652467
203729
1770539
12964:
1273613
51178
753467
2589296
2600394
988034
2105068
610731
953264
1041062
2345394
1482002
1734880
13046:
517513
448003
2477298
2439381
1551798
96130
328304
1443128
1336962
119443
2465935
1180318
702334
1553908
213241
2422562
2238005
163977
895159
71093
13125:
2122264
2641494
1771242
13226:
132931
697701
1702360
1486230
1344484
997197
215181
1341120
2017028
688320
114806
321376
1409821
773757
1899325
1162863
2469399
13399:
2374978
1748681
44078
1288371
2438291
850499
47653
1971029
2005614
362138
1301525
1663133
1748931
1557614
1414171
2186531
1265601
1372:
2449527
1577724
13767:
54974
13787:
1923912
1243104
529796
383274
13800:
2232104
1072774
1452067
1350133
1297467
424335
13861:
1616615
170988
417273
87613
2453136
1583007
489363
1399:
2243352
472831
2023752
567560
14035:
1202465
2482024
971281
584620
141:
1673064
2400521
226233
1687122
1358272
1797067
646559
2506724
1219194
1419039
2002850
2064247
1668694
919829
2101064
1160505
598333
2367139
2601558
752436
1787190
2209918
1129802
1509921
1969348
83108
2166812
2644888
1379238
1716944
2611652
911226
715586
2338234
2181403
2370425
1510285
2646133
2401757
2640297
108956
1432:
255190
550901
1172055
785360
1400646
14389:
1458930
2355466
1014582
2560752
1443:
1712923
2405582
404578
570931
599551
14514:
2091526
1592496
2506022
212908
782894
1745553
828128
1792108
1598701
2420613
14625:
87172
1658151
2275232
1016183
965531
1728313
14688:
1993405
968985
674014
2347394
1865034
14706:
767816
1378468
883468
645831
16477
2256102
1001233
262436
2394438
2611751
1325624
1153992
1133051
1679097
2378193
1851130
2042580
14971:
588687
2261493
976645
2477283
524837
2124691
897002
250678
1197777
2479691
620522
812843
1542443
210645
2076827
15286:
1332292
2289425
1142174
1558321
2202423
653569
739152
258912
2264408
15452:
1234886
1541112
273163
970269
2072941
2129491
15541:
2052982
1474626
15571:
608933
634196
1396942
320938
488656
1038924
1177753
685319
2006791
108442
2227024
15715:
210808
303029
63452
1365871
589111
1342009
1399890
249524
1762675
2350892
15881:
386816
1551276
154207
2077552
589287
15941:
1593765
53582
1634242
199778
16017:
1217212
85192
634618
2439758
801496
1277268
689557
866518
772238
16149:
265081
1498010
1671927
2142137
1823101
865001
2527390
2562286
16176:
1262598
2245443
2617629
1437440
1618078
759648
280407
640355
931219
723058
2587182
16353:
259262
89574
2565349
308593
2450354
1686514
2155808
640674
164:
275886
2444633
278400
1146333
1610234
16469:
2396314
1610956
1749209
1014987
2149668
1764450
529083
2347460
1375651
1168718
6190
2635499
1849764
1666:
1464366
932303
16687:
2326069
1792173
1986076
572248
16728:
1088725
16731:
980094
2245428
577690
312743
1483634
1200032
1468746
885142
1685538
201388
438943
1638127
804382
2073405
597659
1276996
16932:
929308
16947:
2147817
1227134
16954:
1180077
577363
1303993
1276998
233925
1711229
17023:
1516375
17038:
1501030
1730575
1179142
1451676
345599
1684923
141535
17119:
731248
107089
2188175
1270520
151845
999661
831176
1688845
416557
1118935
973857
2500574
2472914
595910
592021
2367522
367884
1863347
476117
2250341
1845774
323684
349015
17263:
128971
1468015
438608
198169
637185
2581363
2283140
173149
2221124
138113
1038400
762226
1839117
2554561
1442186
1737:
720272
1506028
1752900
1973494
2329393
2332407
1702147
651315
2368118
1714416
1064278
266830
1583475
2365193
1201988
926928
2037382
888196
676631
17471:
1433747
600770
2237079
1751:
1136968
111808
1732696
1621397
2170142
1801451
1598059
2625469
17585:
799917
806916
2119952
17612:
1706957
623366
10100
17671:
2271228
761923
2391236
992207
199180
2306369
2619244
1989313
91465
70992
1665641
1643143
1851:
1852566
762569
1330260
495458
1800809
2346600
1537159
1350996
1742426
129054
2474184
772351
1090947
1587157
1251109
2545973
753105
2571831
1656652
1914:
1293611
1439903
468197
1649242
2576280
849885
121559
1266589
2417915
1726148
2541017
2267293
1378136
2010:
1957053
2599012
462425
2280067
913687
2074:
1750223
21:
476557
941097
41581
535765
159422
541147
363107
2145:
310458
215:
2018877
909381
2207279
1118492
1141674
1186083
246272
1816749
2166:
930987
807592
664882
453528
1358278
863371
321473
196455
2035602
1171613
1789776
1079508
469947
482842
2217:
1415435
1138691
2277:
1435335
704050
949893
2334:
338945
1891596
817857
562415
46737
752670
251301
2617292
688251
140754
1834923
2107521
1677691
2432193
1810709
2370325
1166446
1088332
97305
451704
2430:
1609049
161748
452132
1764962
1896548
2448239
2085644
1842351
2613188
1199889
2329308
2533:
1683765
668240
2573:
768689
1868880
2057882
1518456
2526717
181214
1323326
1864420
105024
1133048
2168170
549440
1284254
1523788
2725:
1701298
736246
866077
2756:
1422597
2773:
393262
2500841
263534
1513201
1358157
1685244
1300489
722776
396820
1454470
417683
1767246
2206765
1843174
1513511
8175
2241548
2616134
346897
2153005
220608
577365
1820465
2895:
503548
1639629
2427036
1661127
1997478
2487223
2552036
1339569
2048113
2005394
1169482
48336
1909826
136238
1238404
1934150
203064
841090
1834141
1169006
75836
2186157
650010
1590215
621779
569928
1539288
2013867
1403135
1730502
450377
1777484
1235434
2070312
2197894
1127300
2061829
1214236
144824
131290
1960179
1792874
905934
1646320
546546
765397
1930891
1027664
907107
2504828
61344
366732
884207
219836
2175395
1071379
782975
3270:
2255122
2133923
1330142
740670
744453
14146
850329
944319
2139409
585094
570582
1882704
534733
2501391
1969420
330102
1199278
927619
2646938
960735
1273133
2058753
1307405
2384546
1625753
1652130
514024
3359:
2447828
554424
2451716
1225163
3422:
1653920
2312391
1733326
862362
2005841
139026
1984638
2217216
209886
1087055
146400
1695198
998411
546906
43119
1118447
3570:
2206698
1471797
36:
1811019
30666
2086320
362:
1377988
825234
1344471
501562
675128
377899
2577976
2386314
1045145
3684:
991931
551693
1496156
786750
1329835
901791
1716979
1625025
1533934
736550
485360
3747:
817251
1827001
1889246
109298
1482257
735511
322247
2231446
286061
2343121
1992898
390385
1745041
835271
958602
2620395
2120828
1617268
1143589
83879
1317833
1367579
2168462
1138033
1859195
2071850
1328866
2142723
754671
1333417
2479722
108992
246834
1019697
948200
189347
272932
385648
382432
1831213
481416
4016:
1846353
2233187
404:
735560
1550430
380204
162508
1087748
2180639
801825
1120697
514850
4072:
2173816
4086:
151209
1066820
1608227
1609829
673080
1019378
815087
524672
1225533
1456472
403322
2291422
1581831
1808067
52244
1625223
1857964
2277186
4276:
1743030
2247451
29819
922590
1268197
1560233
2505866
2305283
2477958
1670187
1610490
1090250
294524
2124774
2254531
1958740
2145222
426435
1800327
1645727
2151938
4363:
499098
2304968
4390:
2564760
1581127
1993069
1376927
4413:
205618
2510023
649386
1111222
1214409
2191509
1304577
1528563
2143929
1665945
217454
464735
4496:
1050859
827267
521890
2201004
1798994
1619905
1404888
637777
342578
4590:
2054666
1654687
1911053
2185774
1271081
1861709
2488717
864722
1821996
2490652
1825582
2100289
2358552
876511
2215649
881471
635302
2379521
983523
1637341
956232
2365398
201239
1982512
4738:
1331462
2494275
1497174
1776702
991414
1509378
2216584
267648
200745
1304566
612916
1309119
2634757
354437
2263022
206356
178767
2440340
2257222
1864684
2122978
2390399
1652493
1205576
291535
1154287
2641359
423953
990707
1919089
2088542
1762954
853689
5043:
2583044
2203248
5058:
1789551
216467
1098744
2575015
2001851
2537719
1905098
1914308
285668
2217565
741218
1798757
136403
2312720
485621
10405
1245620
2096865
1770761
2299468
929903
1657768
1048400
623299
1471520
2618286
190074
1099478
522:
1397843
1218450
1355787
933788
2283064
378788
1715677
1997371
369151
2206873
1261473
1309683
610471
1311255
1047641
361070
2473782
154682
474579
930669
1778872
1769044
1804796
2607643
2048523
210878
2642205
973074
2543453
899940
258578
1666592
228762
2173380
1617775
990706
273216
1962503
1050096
2379559
1827300
53296
2443872
1440157
2253068
1782086
1552483
536576
2481180
945618
606271
315393
5474:
706282
84146
428729
2397891
60875
402868
2640431
2613786
2249811
926352
26210
5553:
829739
1093561
1730139
2255272
50653
455516
2508958
1377058
2344155
1023883
2094482
1201334
1289344
1180707
5678:
761471
270725
1798077
488837
1506012
919603
1048964
1755563
2047152
253170
1748911
2444873
109869
389183
5745:
2142915
5748:
1705344
5752:
810499
1275766
1359680
2483810
1994746
2103267
1389989
690580
1939598
2892
2451002
6184
61350
54443
357521
1588926
748455
291198
1119488
933375
1198594
71249
2132790
1160178
813294
1293754
2614245
1023302
1244043
1656149
270589
396533
279833
2124137
133707
1405228
70101
815715
198391
50026
126051
1686888
2032538
854210
1066748
211330
6341:
713535
365036
2166361
2369467
1332895
1740427
1197446
1702329
2019643
893890
741665
1320649
2388628
2583673
1231510
663334
2572891
637770
1008395
407183
1187878
6479:
24344
835025
2137354
437472
1419137
818727
2298052
2249758
882611
1683560
2343718
1902814
1811432
1282194
497203
2226199
1291083
2102685
68458
859152
1661033
1695779
588505
1160178
430028
2484984
2400123
1132430
833081
541652
2487919
935998
1721859
1252684
2269902
16413
476818
1463864
2003737
1100049
153470
669326
1970442
358987
726789
6934:
2256391
969948
1437111
2023110
663447
2537677
112419
529775
448905
7008:
1101236
2429485
1228060
2213142
53163
1059153
711:
1527030
2591057
7200:
2389956
1021213
440708
1559526
7220:
1999564
487325
13773
1365323
963947
7234:
671513
440180
1110848
388077
2449866
7267:
7278:
4395
1467689
898757
2488706
2087951
1946732
771858
1270144
2153659
920254
862917
1002700
1950559
658115
7399:
2024320
727352
461823
1516024
2328334
1693417
1636447
7460:
2285593
76093
394122
1381853
1653403
2293141
918690
1452127
2547127
991984
1651984
7603:
2634381
727099
2431126
1338587
7622:
1466020
2128320
968177
1863304
7640:
939802
765:
831157
1892833
1298806
481484
2104697
1959665
2295138
1446891
2065059
7785:
492722
358612
1090948
2024221
896331
2343329
468685
7978:
1780909
7864
7998:
176006
2281524
80:
2343652
8025:
2024507
2449986
8052:
2542474
2049726
8068:
2356941
702166
592870
769103
8098:
1486800
2016344
277889
135663
69353
8220:
1773066
499959
683175
2625514
738732
2536232
1114897
177073
17485
1174339
118593
132319
1153576
747066
8472:
1575063
8475:
475010
8532:
2028873
8577:
1048855
1442857
2546229
8651:
2084043
553162
800094
1240140
1749588
616188
1314262
509724
8745:
2142673
1491089
1326232
8791:
1163075
1099960
1984101
2452772
2174333
2263004
1774314
2488356
1940929
1479699
74350
1230502
8873:
1584217
2252343
904848
8913:
2097701
8915:
1609049
1283288
96936
1357067
2089673
1651702
2111366
905124
1806562
1126987
1979758
9000:
291238
393226
875789
2587797
2362964
9132:
1212700
267925
494568
9204:
1414302
9212:
2094556
1823364
2459854
926:
2437275
1250087
9297:
313872
1892510
1683922
9382:
1049804
145772
512028
780292
1603556
2071030
1691319
9442:
935053
434450
1406309
1975707
2546877
2384169
1062603
1811627
2422495
2580275
1607325
116136
1945067
2595725
260250
324370
1582516
549661
2277243
1776497
680925
587635
1012055
2161212
9796:
2378204
1962758
1413243
9816:
9824:
623221
984253
1836878
1404516
2646978
2318259
1504700
189404
1116165
1898323
9897:
2251385
2322421
1837128
2492815
1115178
1438874
1419289
237046
1026468
1089603
999:
1368356
